13370102345
13263209000
13261223000
15611081555
15652838555
18518122000
13167558000
18888801388
15510586555
13011259000
13911997666
13901393555
13911122020
13051092000
15910827888
15501165000
13121827555
15510297555
18512130000
18822156888
18722386789
15722060666
15122991888
18892295678
18822589555
15722088555
15222289888
18322305678
18812555678
18822051888
18322206789
18822023555
13820282777
15222535678
15002265678
18802215777
15902275678
15222377888
13820802777
13920536777
18322596789
18822570555
18722299777
15822288555
15722088666
13641283394
13011111126
13011125091
13011127383
13011130671
13011134391
13011150781
13011151821
13011167351
13011167791
13011168529
13011170381
13011171927
13641283464
13911832121
13411414313
15210363331
15201503335
15210373335
15201563337
15210373330
15210353311
15210379911
19535960396
19535961160
13801273131
13911217111
13553725357
13623298077
13630890511
13021032309
13021033525
13641284074
13021038269
13021052060
13021052267
13021056891
13021059131
13021062687
13021063581
13021070563
13021075707
13021076409
13021080262
13021086481
13021094501
13021096526
13021099731
13021115125
13021117163
13021118561
13021118951
13021135111
13021153231
13021187387
13021208741
13021223965
13021236720
13021255481
